2023/06/30-17:27:24.529684 5f0 RocksDB version: 5.11.3
2023/06/30-17:27:24.529737 5f0 Git sha rocksdb_build_git_sha:@dbd8fa09b823826dd2a30bc119dad7a6fa9a4c6d@
2023/06/30-17:27:24.529758 5f0 Compile date Mar 15 2018
2023/06/30-17:27:24.529773 5f0 DB SUMMARY
2023/06/30-17:27:24.529824 5f0 SST files in D:\baibu\raft-demo\src\main\resources\stateMachine\LogMachinefour dir, Total Num: 0, files: 
2023/06/30-17:27:24.529842 5f0 Write Ahead Log file in D:\baibu\raft-demo\src\main\resources\stateMachine\LogMachinefour: 
2023/06/30-17:27:24.529857 5f0                         Options.error_if_exists: 0
2023/06/30-17:27:24.529872 5f0                       Options.create_if_missing: 1
2023/06/30-17:27:24.529886 5f0                         Options.paranoid_checks: 1
2023/06/30-17:27:24.529995 5f0                                     Options.env: 000002C738D5A6B0
2023/06/30-17:27:24.530005 5f0                                Options.info_log: 000002C7398863F0
2023/06/30-17:27:24.530012 5f0                Options.max_file_opening_threads: 16
2023/06/30-17:27:24.530018 5f0                              Options.statistics: 0000000000000000
2023/06/30-17:27:24.530024 5f0                               Options.use_fsync: 0
2023/06/30-17:27:24.530030 5f0                       Options.max_log_file_size: 0
2023/06/30-17:27:24.530036 5f0                  Options.max_manifest_file_size: 18446744073709551615
2023/06/30-17:27:24.530043 5f0                   Options.log_file_time_to_roll: 0
2023/06/30-17:27:24.530049 5f0                       Options.keep_log_file_num: 1000
2023/06/30-17:27:24.530055 5f0                    Options.recycle_log_file_num: 0
2023/06/30-17:27:24.530060 5f0                         Options.allow_fallocate: 1
2023/06/30-17:27:24.530066 5f0                        Options.allow_mmap_reads: 0
2023/06/30-17:27:24.530072 5f0                       Options.allow_mmap_writes: 0
2023/06/30-17:27:24.530078 5f0                        Options.use_direct_reads: 0
2023/06/30-17:27:24.530084 5f0                        Options.use_direct_io_for_flush_and_compaction: 0
2023/06/30-17:27:24.530090 5f0          Options.create_missing_column_families: 0
2023/06/30-17:27:24.530096 5f0                              Options.db_log_dir: 
2023/06/30-17:27:24.530102 5f0                                 Options.wal_dir: D:\baibu\raft-demo\src\main\resources\stateMachine\LogMachinefour
2023/06/30-17:27:24.530108 5f0                Options.table_cache_numshardbits: 6
2023/06/30-17:27:24.530114 5f0                      Options.max_subcompactions: 1
2023/06/30-17:27:24.530120 5f0                  Options.max_background_flushes: -1
2023/06/30-17:27:24.530126 5f0                         Options.WAL_ttl_seconds: 0
2023/06/30-17:27:24.530131 5f0                       Options.WAL_size_limit_MB: 0
2023/06/30-17:27:24.530137 5f0             Options.manifest_preallocation_size: 4194304
2023/06/30-17:27:24.530143 5f0                     Options.is_fd_close_on_exec: 1
2023/06/30-17:27:24.530149 5f0                   Options.advise_random_on_open: 1
2023/06/30-17:27:24.530154 5f0                    Options.db_write_buffer_size: 0
2023/06/30-17:27:24.530161 5f0                    Options.write_buffer_manager: 000002C738ECD9E0
2023/06/30-17:27:24.530167 5f0         Options.access_hint_on_compaction_start: 1
2023/06/30-17:27:24.530172 5f0  Options.new_table_reader_for_compaction_inputs: 0
2023/06/30-17:27:24.530178 5f0           Options.random_access_max_buffer_size: 1048576
2023/06/30-17:27:24.530184 5f0                      Options.use_adaptive_mutex: 0
2023/06/30-17:27:24.530190 5f0                            Options.rate_limiter: 0000000000000000
2023/06/30-17:27:24.530196 5f0     Options.sst_file_manager.rate_bytes_per_sec: 0
2023/06/30-17:27:24.530202 5f0                       Options.wal_recovery_mode: 2
2023/06/30-17:27:24.530212 5f0                  Options.enable_thread_tracking: 0
2023/06/30-17:27:24.530217 5f0                  Options.enable_pipelined_write: 0
2023/06/30-17:27:24.530223 5f0         Options.allow_concurrent_memtable_write: 1
2023/06/30-17:27:24.530235 5f0      Options.enable_write_thread_adaptive_yield: 1
2023/06/30-17:27:24.530270 5f0             Options.write_thread_max_yield_usec: 100
2023/06/30-17:27:24.530278 5f0            Options.write_thread_slow_yield_usec: 3
2023/06/30-17:27:24.530284 5f0                               Options.row_cache: None
2023/06/30-17:27:24.530290 5f0                              Options.wal_filter: None
2023/06/30-17:27:24.530296 5f0             Options.avoid_flush_during_recovery: 0
2023/06/30-17:27:24.530302 5f0             Options.allow_ingest_behind: 0
2023/06/30-17:27:24.530308 5f0             Options.preserve_deletes: 0
2023/06/30-17:27:24.530314 5f0             Options.two_write_queues: 0
2023/06/30-17:27:24.530320 5f0             Options.manual_wal_flush: 0
2023/06/30-17:27:24.530325 5f0             Options.max_background_jobs: 2
2023/06/30-17:27:24.530331 5f0             Options.max_background_compactions: -1
2023/06/30-17:27:24.530349 5f0             Options.avoid_flush_during_shutdown: 0
2023/06/30-17:27:24.530356 5f0           Options.writable_file_max_buffer_size: 1048576
2023/06/30-17:27:24.530362 5f0             Options.delayed_write_rate : 16777216
2023/06/30-17:27:24.530368 5f0             Options.max_total_wal_size: 0
2023/06/30-17:27:24.530373 5f0             Options.delete_obsolete_files_period_micros: 21600000000
2023/06/30-17:27:24.530380 5f0                   Options.stats_dump_period_sec: 600
2023/06/30-17:27:24.530386 5f0                          Options.max_open_files: -1
2023/06/30-17:27:24.530391 5f0                          Options.bytes_per_sync: 0
2023/06/30-17:27:24.530397 5f0                      Options.wal_bytes_per_sync: 0
2023/06/30-17:27:24.530403 5f0       Options.compaction_readahead_size: 0
2023/06/30-17:27:24.530409 5f0 Compression algorithms supported:
2023/06/30-17:27:24.530415 5f0 	Snappy supported: 0
2023/06/30-17:27:24.530421 5f0 	Zlib supported: 0
2023/06/30-17:27:24.530427 5f0 	Bzip supported: 0
2023/06/30-17:27:24.530432 5f0 	LZ4 supported: 0
2023/06/30-17:27:24.530438 5f0 	ZSTDNotFinal supported: 0
2023/06/30-17:27:24.530444 5f0 	ZSTD supported: 0
2023/06/30-17:27:24.530453 5f0 Fast CRC32 supported: Supported on x86
2023/06/30-17:27:24.530666 5f0 [c:\users\aretter\code\rocksdb\db\db_impl_open.cc:227] Creating manifest 1 
2023/06/30-17:27:24.537659 5f0 [c:\users\aretter\code\rocksdb\db\version_set.cc:2834] Recovering from manifest file: MANIFEST-000001
2023/06/30-17:27:24.537746 5f0 [c:\users\aretter\code\rocksdb\db\column_family.cc:431] --------------- Options for column family [default]:
2023/06/30-17:27:24.537761 5f0               Options.comparator: leveldb.BytewiseComparator
2023/06/30-17:27:24.537770 5f0           Options.merge_operator: None
2023/06/30-17:27:24.537778 5f0        Options.compaction_filter: None
2023/06/30-17:27:24.537787 5f0        Options.compaction_filter_factory: None
2023/06/30-17:27:24.537795 5f0         Options.memtable_factory: SkipListFactory
2023/06/30-17:27:24.537804 5f0            Options.table_factory: BlockBasedTable
2023/06/30-17:27:24.537841 5f0            table_factory options:   flush_block_policy_factory: FlushBlockBySizePolicyFactory (000002C73997C2D0)
  cache_index_and_filter_blocks: 0
  cache_index_and_filter_blocks_with_high_priority: 0
  pin_l0_filter_and_index_blocks_in_cache: 0
  index_type: 0
  hash_index_allow_collision: 1
  checksum: 1
  no_block_cache: 0
  block_cache: 000002C738EE0D80
  block_cache_name: LRUCache
  block_cache_options:
    capacity : 8388608
    num_shard_bits : 4
    strict_capacity_limit : 0
    high_pri_pool_ratio: 0.000
  block_cache_compressed: 0000000000000000
  persistent_cache: 0000000000000000
  block_size: 4096
  block_size_deviation: 10
  block_restart_interval: 16
  index_block_restart_interval: 1
  metadata_block_size: 4096
  partition_filters: 0
  use_delta_encoding: 1
  filter_policy: nullptr
  whole_key_filtering: 1
  verify_compression: 0
  read_amp_bytes_per_bit: 0
  format_version: 2
2023/06/30-17:27:24.537851 5f0        Options.write_buffer_size: 67108864
2023/06/30-17:27:24.537860 5f0  Options.max_write_buffer_number: 2
2023/06/30-17:27:24.537927 5f0          Options.compression: NoCompression
2023/06/30-17:27:24.537939 5f0                  Options.bottommost_compression: Disabled
2023/06/30-17:27:24.537948 5f0       Options.prefix_extractor: nullptr
2023/06/30-17:27:24.537957 5f0   Options.memtable_insert_with_hint_prefix_extractor: nullptr
2023/06/30-17:27:24.537966 5f0             Options.num_levels: 7
2023/06/30-17:27:24.537976 5f0        Options.min_write_buffer_number_to_merge: 1
2023/06/30-17:27:24.537985 5f0     Options.max_write_buffer_number_to_maintain: 0
2023/06/30-17:27:24.537994 5f0            Options.compression_opts.window_bits: -14
2023/06/30-17:27:24.538003 5f0                  Options.compression_opts.level: -1
2023/06/30-17:27:24.538012 5f0               Options.compression_opts.strategy: 0
2023/06/30-17:27:24.538021 5f0         Options.compression_opts.max_dict_bytes: 0
2023/06/30-17:27:24.538030 5f0      Options.level0_file_num_compaction_trigger: 4
2023/06/30-17:27:24.538038 5f0          Options.level0_slowdown_writes_trigger: 20
2023/06/30-17:27:24.538047 5f0              Options.level0_stop_writes_trigger: 36
2023/06/30-17:27:24.538056 5f0                   Options.target_file_size_base: 67108864
2023/06/30-17:27:24.538065 5f0             Options.target_file_size_multiplier: 1
2023/06/30-17:27:24.538073 5f0                Options.max_bytes_for_level_base: 268435456
2023/06/30-17:27:24.538082 5f0 Options.level_compaction_dynamic_level_bytes: 0
2023/06/30-17:27:24.538090 5f0          Options.max_bytes_for_level_multiplier: 10.000000
2023/06/30-17:27:24.538103 5f0 Options.max_bytes_for_level_multiplier_addtl[0]: 1
2023/06/30-17:27:24.538112 5f0 Options.max_bytes_for_level_multiplier_addtl[1]: 1
2023/06/30-17:27:24.538122 5f0 Options.max_bytes_for_level_multiplier_addtl[2]: 1
2023/06/30-17:27:24.538131 5f0 Options.max_bytes_for_level_multiplier_addtl[3]: 1
2023/06/30-17:27:24.538140 5f0 Options.max_bytes_for_level_multiplier_addtl[4]: 1
2023/06/30-17:27:24.538148 5f0 Options.max_bytes_for_level_multiplier_addtl[5]: 1
2023/06/30-17:27:24.538157 5f0 Options.max_bytes_for_level_multiplier_addtl[6]: 1
2023/06/30-17:27:24.538165 5f0       Options.max_sequential_skip_in_iterations: 8
2023/06/30-17:27:24.538174 5f0                    Options.max_compaction_bytes: 1677721600
2023/06/30-17:27:24.538183 5f0                        Options.arena_block_size: 8388608
2023/06/30-17:27:24.538192 5f0   Options.soft_pending_compaction_bytes_limit: 68719476736
2023/06/30-17:27:24.538200 5f0   Options.hard_pending_compaction_bytes_limit: 274877906944
2023/06/30-17:27:24.538210 5f0       Options.rate_limit_delay_max_milliseconds: 100
2023/06/30-17:27:24.538219 5f0                Options.disable_auto_compactions: 0
2023/06/30-17:27:24.538230 5f0                        Options.compaction_style: kCompactionStyleLevel
2023/06/30-17:27:24.538240 5f0                          Options.compaction_pri: kByCompensatedSize
2023/06/30-17:27:24.538248 5f0 Options.compaction_options_universal.size_ratio: 1
2023/06/30-17:27:24.538257 5f0 Options.compaction_options_universal.min_merge_width: 2
2023/06/30-17:27:24.538266 5f0 Options.compaction_options_universal.max_merge_width: 4294967295
2023/06/30-17:27:24.538276 5f0 Options.compaction_options_universal.max_size_amplification_percent: 200
2023/06/30-17:27:24.538285 5f0 Options.compaction_options_universal.compression_size_percent: -1
2023/06/30-17:27:24.538295 5f0 Options.compaction_options_universal.stop_style: kCompactionStopStyleTotalSize
2023/06/30-17:27:24.538304 5f0 Options.compaction_options_fifo.max_table_files_size: 1073741824
2023/06/30-17:27:24.538313 5f0 Options.compaction_options_fifo.allow_compaction: 0
2023/06/30-17:27:24.538322 5f0 Options.compaction_options_fifo.ttl: 0
2023/06/30-17:27:24.538331 5f0                   Options.table_properties_collectors: 
2023/06/30-17:27:24.538340 5f0                   Options.inplace_update_support: 0
2023/06/30-17:27:24.538349 5f0                 Options.inplace_update_num_locks: 10000
2023/06/30-17:27:24.538359 5f0               Options.memtable_prefix_bloom_size_ratio: 0.000000
2023/06/30-17:27:24.538375 5f0   Options.memtable_huge_page_size: 0
2023/06/30-17:27:24.538385 5f0                           Options.bloom_locality: 0
2023/06/30-17:27:24.538395 5f0                    Options.max_successive_merges: 0
2023/06/30-17:27:24.538404 5f0                Options.optimize_filters_for_hits: 0
2023/06/30-17:27:24.538414 5f0                Options.paranoid_file_checks: 0
2023/06/30-17:27:24.538424 5f0                Options.force_consistency_checks: 0
2023/06/30-17:27:24.538434 5f0                Options.report_bg_io_stats: 0
2023/06/30-17:27:24.539639 5f0 [c:\users\aretter\code\rocksdb\db\version_set.cc:3100] Recovered from manifest file:D:\baibu\raft-demo\src\main\resources\stateMachine\LogMachinefour/MANIFEST-000001 succeeded,manifest_file_number is 1, next_file_number is 3, last_sequence is 0, log_number is 0,prev_log_number is 0,max_column_family is 0
2023/06/30-17:27:24.539668 5f0 [c:\users\aretter\code\rocksdb\db\version_set.cc:3108] Column family [default] (ID 0), log number is 0
2023/06/30-17:27:24.544842 5f0 [c:\users\aretter\code\rocksdb\db\db_impl_open.cc:1165] DB pointer 000002C7399A45A0
