2023/06/30-17:27:24.506096 5f0 RocksDB version: 5.11.3
2023/06/30-17:27:24.506180 5f0 Git sha rocksdb_build_git_sha:@dbd8fa09b823826dd2a30bc119dad7a6fa9a4c6d@
2023/06/30-17:27:24.506210 5f0 Compile date Mar 15 2018
2023/06/30-17:27:24.506231 5f0 DB SUMMARY
2023/06/30-17:27:24.506315 5f0 SST files in D:\baibu\raft-demo\src\main\resources\stateMachine\StateMachinefour dir, Total Num: 0, files: 
2023/06/30-17:27:24.506340 5f0 Write Ahead Log file in D:\baibu\raft-demo\src\main\resources\stateMachine\StateMachinefour: 
2023/06/30-17:27:24.506361 5f0                         Options.error_if_exists: 0
2023/06/30-17:27:24.506381 5f0                       Options.create_if_missing: 1
2023/06/30-17:27:24.506402 5f0                         Options.paranoid_checks: 1
2023/06/30-17:27:24.506562 5f0                                     Options.env: 000002C738D5A6B0
2023/06/30-17:27:24.506586 5f0                                Options.info_log: 000002C739886210
2023/06/30-17:27:24.506597 5f0                Options.max_file_opening_threads: 16
2023/06/30-17:27:24.506607 5f0                              Options.statistics: 0000000000000000
2023/06/30-17:27:24.506616 5f0                               Options.use_fsync: 0
2023/06/30-17:27:24.506626 5f0                       Options.max_log_file_size: 0
2023/06/30-17:27:24.506635 5f0                  Options.max_manifest_file_size: 18446744073709551615
2023/06/30-17:27:24.506645 5f0                   Options.log_file_time_to_roll: 0
2023/06/30-17:27:24.506654 5f0                       Options.keep_log_file_num: 1000
2023/06/30-17:27:24.506664 5f0                    Options.recycle_log_file_num: 0
2023/06/30-17:27:24.506673 5f0                         Options.allow_fallocate: 1
2023/06/30-17:27:24.506682 5f0                        Options.allow_mmap_reads: 0
2023/06/30-17:27:24.506691 5f0                       Options.allow_mmap_writes: 0
2023/06/30-17:27:24.506701 5f0                        Options.use_direct_reads: 0
2023/06/30-17:27:24.506710 5f0                        Options.use_direct_io_for_flush_and_compaction: 0
2023/06/30-17:27:24.506720 5f0          Options.create_missing_column_families: 0
2023/06/30-17:27:24.506729 5f0                              Options.db_log_dir: 
2023/06/30-17:27:24.506738 5f0                                 Options.wal_dir: D:\baibu\raft-demo\src\main\resources\stateMachine\StateMachinefour
2023/06/30-17:27:24.506748 5f0                Options.table_cache_numshardbits: 6
2023/06/30-17:27:24.506757 5f0                      Options.max_subcompactions: 1
2023/06/30-17:27:24.506766 5f0                  Options.max_background_flushes: -1
2023/06/30-17:27:24.506775 5f0                         Options.WAL_ttl_seconds: 0
2023/06/30-17:27:24.506784 5f0                       Options.WAL_size_limit_MB: 0
2023/06/30-17:27:24.506793 5f0             Options.manifest_preallocation_size: 4194304
2023/06/30-17:27:24.506802 5f0                     Options.is_fd_close_on_exec: 1
2023/06/30-17:27:24.506811 5f0                   Options.advise_random_on_open: 1
2023/06/30-17:27:24.506820 5f0                    Options.db_write_buffer_size: 0
2023/06/30-17:27:24.506829 5f0                    Options.write_buffer_manager: 000002C739982C90
2023/06/30-17:27:24.506837 5f0         Options.access_hint_on_compaction_start: 1
2023/06/30-17:27:24.506846 5f0  Options.new_table_reader_for_compaction_inputs: 0
2023/06/30-17:27:24.506855 5f0           Options.random_access_max_buffer_size: 1048576
2023/06/30-17:27:24.506864 5f0                      Options.use_adaptive_mutex: 0
2023/06/30-17:27:24.506873 5f0                            Options.rate_limiter: 0000000000000000
2023/06/30-17:27:24.506882 5f0     Options.sst_file_manager.rate_bytes_per_sec: 0
2023/06/30-17:27:24.506891 5f0                       Options.wal_recovery_mode: 2
2023/06/30-17:27:24.506899 5f0                  Options.enable_thread_tracking: 0
2023/06/30-17:27:24.506908 5f0                  Options.enable_pipelined_write: 0
2023/06/30-17:27:24.506917 5f0         Options.allow_concurrent_memtable_write: 1
2023/06/30-17:27:24.506926 5f0      Options.enable_write_thread_adaptive_yield: 1
2023/06/30-17:27:24.506978 5f0             Options.write_thread_max_yield_usec: 100
2023/06/30-17:27:24.506990 5f0            Options.write_thread_slow_yield_usec: 3
2023/06/30-17:27:24.507000 5f0                               Options.row_cache: None
2023/06/30-17:27:24.507009 5f0                              Options.wal_filter: None
2023/06/30-17:27:24.507019 5f0             Options.avoid_flush_during_recovery: 0
2023/06/30-17:27:24.507028 5f0             Options.allow_ingest_behind: 0
2023/06/30-17:27:24.507036 5f0             Options.preserve_deletes: 0
2023/06/30-17:27:24.507045 5f0             Options.two_write_queues: 0
2023/06/30-17:27:24.507054 5f0             Options.manual_wal_flush: 0
2023/06/30-17:27:24.507063 5f0             Options.max_background_jobs: 2
2023/06/30-17:27:24.507072 5f0             Options.max_background_compactions: -1
2023/06/30-17:27:24.507081 5f0             Options.avoid_flush_during_shutdown: 0
2023/06/30-17:27:24.507090 5f0           Options.writable_file_max_buffer_size: 1048576
2023/06/30-17:27:24.507099 5f0             Options.delayed_write_rate : 16777216
2023/06/30-17:27:24.507108 5f0             Options.max_total_wal_size: 0
2023/06/30-17:27:24.507117 5f0             Options.delete_obsolete_files_period_micros: 21600000000
2023/06/30-17:27:24.507126 5f0                   Options.stats_dump_period_sec: 600
2023/06/30-17:27:24.507136 5f0                          Options.max_open_files: -1
2023/06/30-17:27:24.507145 5f0                          Options.bytes_per_sync: 0
2023/06/30-17:27:24.507154 5f0                      Options.wal_bytes_per_sync: 0
2023/06/30-17:27:24.507163 5f0       Options.compaction_readahead_size: 0
2023/06/30-17:27:24.507172 5f0 Compression algorithms supported:
2023/06/30-17:27:24.507181 5f0 	Snappy supported: 0
2023/06/30-17:27:24.507190 5f0 	Zlib supported: 0
2023/06/30-17:27:24.507199 5f0 	Bzip supported: 0
2023/06/30-17:27:24.507208 5f0 	LZ4 supported: 0
2023/06/30-17:27:24.507218 5f0 	ZSTDNotFinal supported: 0
2023/06/30-17:27:24.507226 5f0 	ZSTD supported: 0
2023/06/30-17:27:24.507240 5f0 Fast CRC32 supported: Supported on x86
2023/06/30-17:27:24.507560 5f0 [c:\users\aretter\code\rocksdb\db\db_impl_open.cc:227] Creating manifest 1 
2023/06/30-17:27:24.516964 5f0 [c:\users\aretter\code\rocksdb\db\version_set.cc:2834] Recovering from manifest file: MANIFEST-000001
2023/06/30-17:27:24.517057 5f0 [c:\users\aretter\code\rocksdb\db\column_family.cc:431] --------------- Options for column family [default]:
2023/06/30-17:27:24.517071 5f0               Options.comparator: leveldb.BytewiseComparator
2023/06/30-17:27:24.517081 5f0           Options.merge_operator: None
2023/06/30-17:27:24.517092 5f0        Options.compaction_filter: None
2023/06/30-17:27:24.517101 5f0        Options.compaction_filter_factory: None
2023/06/30-17:27:24.517112 5f0         Options.memtable_factory: SkipListFactory
2023/06/30-17:27:24.517123 5f0            Options.table_factory: BlockBasedTable
2023/06/30-17:27:24.517162 5f0            table_factory options:   flush_block_policy_factory: FlushBlockBySizePolicyFactory (000002C73997BF90)
  cache_index_and_filter_blocks: 0
  cache_index_and_filter_blocks_with_high_priority: 0
  pin_l0_filter_and_index_blocks_in_cache: 0
  index_type: 0
  hash_index_allow_collision: 1
  checksum: 1
  no_block_cache: 0
  block_cache: 000002C73986DC70
  block_cache_name: LRUCache
  block_cache_options:
    capacity : 8388608
    num_shard_bits : 4
    strict_capacity_limit : 0
    high_pri_pool_ratio: 0.000
  block_cache_compressed: 0000000000000000
  persistent_cache: 0000000000000000
  block_size: 4096
  block_size_deviation: 10
  block_restart_interval: 16
  index_block_restart_interval: 1
  metadata_block_size: 4096
  partition_filters: 0
  use_delta_encoding: 1
  filter_policy: nullptr
  whole_key_filtering: 1
  verify_compression: 0
  read_amp_bytes_per_bit: 0
  format_version: 2
2023/06/30-17:27:24.518564 5f0        Options.write_buffer_size: 67108864
2023/06/30-17:27:24.518590 5f0  Options.max_write_buffer_number: 2
2023/06/30-17:27:24.518648 5f0          Options.compression: NoCompression
2023/06/30-17:27:24.518657 5f0                  Options.bottommost_compression: Disabled
2023/06/30-17:27:24.518664 5f0       Options.prefix_extractor: nullptr
2023/06/30-17:27:24.518670 5f0   Options.memtable_insert_with_hint_prefix_extractor: nullptr
2023/06/30-17:27:24.518676 5f0             Options.num_levels: 7
2023/06/30-17:27:24.518682 5f0        Options.min_write_buffer_number_to_merge: 1
2023/06/30-17:27:24.518689 5f0     Options.max_write_buffer_number_to_maintain: 0
2023/06/30-17:27:24.518695 5f0            Options.compression_opts.window_bits: -14
2023/06/30-17:27:24.518701 5f0                  Options.compression_opts.level: -1
2023/06/30-17:27:24.518707 5f0               Options.compression_opts.strategy: 0
2023/06/30-17:27:24.518715 5f0         Options.compression_opts.max_dict_bytes: 0
2023/06/30-17:27:24.518725 5f0      Options.level0_file_num_compaction_trigger: 4
2023/06/30-17:27:24.518736 5f0          Options.level0_slowdown_writes_trigger: 20
2023/06/30-17:27:24.518747 5f0              Options.level0_stop_writes_trigger: 36
2023/06/30-17:27:24.518758 5f0                   Options.target_file_size_base: 67108864
2023/06/30-17:27:24.518771 5f0             Options.target_file_size_multiplier: 1
2023/06/30-17:27:24.518784 5f0                Options.max_bytes_for_level_base: 268435456
2023/06/30-17:27:24.518797 5f0 Options.level_compaction_dynamic_level_bytes: 0
2023/06/30-17:27:24.518811 5f0          Options.max_bytes_for_level_multiplier: 10.000000
2023/06/30-17:27:24.518833 5f0 Options.max_bytes_for_level_multiplier_addtl[0]: 1
2023/06/30-17:27:24.518846 5f0 Options.max_bytes_for_level_multiplier_addtl[1]: 1
2023/06/30-17:27:24.518859 5f0 Options.max_bytes_for_level_multiplier_addtl[2]: 1
2023/06/30-17:27:24.518873 5f0 Options.max_bytes_for_level_multiplier_addtl[3]: 1
2023/06/30-17:27:24.518888 5f0 Options.max_bytes_for_level_multiplier_addtl[4]: 1
2023/06/30-17:27:24.518903 5f0 Options.max_bytes_for_level_multiplier_addtl[5]: 1
2023/06/30-17:27:24.518917 5f0 Options.max_bytes_for_level_multiplier_addtl[6]: 1
2023/06/30-17:27:24.518929 5f0       Options.max_sequential_skip_in_iterations: 8
2023/06/30-17:27:24.518942 5f0                    Options.max_compaction_bytes: 1677721600
2023/06/30-17:27:24.518956 5f0                        Options.arena_block_size: 8388608
2023/06/30-17:27:24.518969 5f0   Options.soft_pending_compaction_bytes_limit: 68719476736
2023/06/30-17:27:24.518983 5f0   Options.hard_pending_compaction_bytes_limit: 274877906944
2023/06/30-17:27:24.518997 5f0       Options.rate_limit_delay_max_milliseconds: 100
2023/06/30-17:27:24.519012 5f0                Options.disable_auto_compactions: 0
2023/06/30-17:27:24.519031 5f0                        Options.compaction_style: kCompactionStyleLevel
2023/06/30-17:27:24.519047 5f0                          Options.compaction_pri: kByCompensatedSize
2023/06/30-17:27:24.519060 5f0 Options.compaction_options_universal.size_ratio: 1
2023/06/30-17:27:24.519073 5f0 Options.compaction_options_universal.min_merge_width: 2
2023/06/30-17:27:24.519087 5f0 Options.compaction_options_universal.max_merge_width: 4294967295
2023/06/30-17:27:24.519100 5f0 Options.compaction_options_universal.max_size_amplification_percent: 200
2023/06/30-17:27:24.519113 5f0 Options.compaction_options_universal.compression_size_percent: -1
2023/06/30-17:27:24.519128 5f0 Options.compaction_options_universal.stop_style: kCompactionStopStyleTotalSize
2023/06/30-17:27:24.519141 5f0 Options.compaction_options_fifo.max_table_files_size: 1073741824
2023/06/30-17:27:24.519153 5f0 Options.compaction_options_fifo.allow_compaction: 0
2023/06/30-17:27:24.519166 5f0 Options.compaction_options_fifo.ttl: 0
2023/06/30-17:27:24.519179 5f0                   Options.table_properties_collectors: 
2023/06/30-17:27:24.519193 5f0                   Options.inplace_update_support: 0
2023/06/30-17:27:24.519206 5f0                 Options.inplace_update_num_locks: 10000
2023/06/30-17:27:24.519219 5f0               Options.memtable_prefix_bloom_size_ratio: 0.000000
2023/06/30-17:27:24.519240 5f0   Options.memtable_huge_page_size: 0
2023/06/30-17:27:24.519255 5f0                           Options.bloom_locality: 0
2023/06/30-17:27:24.519270 5f0                    Options.max_successive_merges: 0
2023/06/30-17:27:24.519282 5f0                Options.optimize_filters_for_hits: 0
2023/06/30-17:27:24.519295 5f0                Options.paranoid_file_checks: 0
2023/06/30-17:27:24.519307 5f0                Options.force_consistency_checks: 0
2023/06/30-17:27:24.519319 5f0                Options.report_bg_io_stats: 0
2023/06/30-17:27:24.521424 5f0 [c:\users\aretter\code\rocksdb\db\version_set.cc:3100] Recovered from manifest file:D:\baibu\raft-demo\src\main\resources\stateMachine\StateMachinefour/MANIFEST-000001 succeeded,manifest_file_number is 1, next_file_number is 3, last_sequence is 0, log_number is 0,prev_log_number is 0,max_column_family is 0
2023/06/30-17:27:24.521454 5f0 [c:\users\aretter\code\rocksdb\db\version_set.cc:3108] Column family [default] (ID 0), log number is 0
2023/06/30-17:27:24.526799 5f0 [c:\users\aretter\code\rocksdb\db\db_impl_open.cc:1165] DB pointer 000002C7395E9B50
